
Table 1: Summary Statistics for Boulder County
=============================================================================
Statistic       N      Mean    St. Dev.   Min   Pctl(25) Pctl(75)     Max    
-----------------------------------------------------------------------------
price         11,264 749,112.9 616,228.3 10,000 452,700  831,580.8 31,500,000
nbrBedRoom    11,264    3.4       1.1      0       3         4         24    
mainfloorSF   11,264  1,313.1    607.5     0     922.8     1,619     7,795   
nbrBaths      11,264    2.3       1.1      0       1         3         12    
EffectiveYear 11,264  1,997.7    17.5    1,879   1,989     2,010     2,021   
-----------------------------------------------------------------------------
