
Table 1: Summary Statistics for Boulder County
=================================================================================
Statistic             N      Mean    St. Dev.   Min   Pctl(25) Pctl(75)    Max   
---------------------------------------------------------------------------------
price               11,099 742,622.9 529,722.5 27,000 454,350  830,000  7,350,000
lot.sqft            11,099 15,553.8  34,992.8    24    5,724   10,413.5  435,055 
build.year.adj      11,099  1,997.9    17.1    1,879   1,989    2,010     2,021  
build.year          11,099  1,987.3    26.6    1,860   1,972    2,006     2,021  
build.stories       11,099    1.9       0.7      1       1        2         3    
build.rooms         11,099    7.4       2.1      1       6        9        28    
build.quality       11,099   37.3       7.7      10      30       41       80    
build.living.sf     11,099  2,380.7   1,122.1   384    1,584    2,948    11,605  
build.house.sf      11,099  1,958.4    878.4    384    1,284   2,440.5    9,622  
build.garage.sf     11,099   473.3     231.9     0      380      600      3,040  
build.bsmt.sf       11,099   747.7     624.1     0      168     1,126     4,534  
build.bedrooms      11,099    3.5       1.0      1       3        4        24    
build.baths.adj     11,099    2.5       0.9     0.5     1.8      3.2      12.0   
build.baths         11,099    3.0       1.1      1       2        4        12    
ele.score           11,099   66.8      22.4     10.7    56.5     84.8     98.4   
ele.rank            11,099   271.7     195.2     6     113.5    354.5      794   
tract.units.density 11,099  1,351.7   1,204.2   5.0    448.8   2,022.7  10,014.2 
tract.rent          11,099  1,525.5    717.2     0     1,228    2,020     3,281  
tract.pop.density   11,099  3,291.7   2,842.3   1.8   1,106.8  4,663.1  18,966.7 
tract.HH.income     11,099 102,665.9 34,996.7    0     81,103  123,750   241,161 
---------------------------------------------------------------------------------
